200.82944285981293, 4.891877205774314
203.69996221263318, 4.893572977803416
206.5704815654534, 4.80708860431956
209.44100091827363, 4.79521820011589
212.31152027109388, 4.866440625337894
215.1820396239141, 5.0411051443346935
218.05255897673436, 5.205595031156932
220.92307832955458, 5.225944295506075
223.79359768237484, 4.934271506501702
226.66411703519506, 4.613770593002712
229.53463638801531, 4.323793576027427
232.40515574083554, 4.272920415154573
235.27567509365576, 4.272920415154573
238.14619444647602, 4.269528871096384
241.01671379929627, 4.383145597045761
243.8872331521165, 4.657860665759181
246.75775250493672, 4.958012314909027
249.62827185775694, 5.236118927680643
252.4987912105772, 5.392129954357401
255.36931056339745, 5.465048151608499
258.2398299162177, 5.505746680306778
260.8493929642361, 5.688513221220369
263.4589560122545, 6.1399654191883855
266.0685190602729, 6.598389124387118
268.4171258034894, 6.985967242592544
270.3742980895032, 7.383390259522436
271.5486014611115, 7.990294956078259
272.81610351300617, 8.491274464102382
273.76673005192714, 9.017125295219905
274.53095923027536, 9.455926495510532
275.7891414141414, 9.945913766988916
276.63724940474737, 10.456207684207243
277.40147858309564, 10.907092061306855
278.5571422186466, 11.37190663524109
279.3772906051667, 11.853699694021742
280.3838363522595, 12.344553020500697
281.2039847387796, 12.803369714137922
281.9868536531851, 13.215404633385184
282.6392444151897, 13.633864644431576
283.2916351771943, 14.021235501611216
284.0745040915998, 14.476380714220369
284.96921142234896, 14.942718022221548
285.64024192041086, 15.361302389883406
286.4231108348164, 15.775907345850321
287.2059797492219, 16.23291790769148
287.98884866362744, 16.696146300305983
288.8835559943766, 17.15893056215097
289.55458649243843, 17.595244630132257
290.33745540684396, 18.001890762709287
290.85936801644766, 18.4048061968223
291.7540753471968, 18.772605691424886
292.5555839976596, 19.139753794232163
292.6860621500605, 19.485465185230368
293.59940921686695, 19.976829262094277
294.38227813127247, 20.431508137395426
294.9041907408762, 20.881523639616564
295.55658150288076, 21.269982617181547
296.6004067220881, 21.761605770327677
297.25279748409275, 22.212916653959933
298.07125134915304, 22.82636218548512
299.3839406399744, 23.465291402225322
300.2827901342919, 24.07049359749796
301.645561948257, 24.634243587614943
302.7328798849313, 25.084000013553858
304.0020764582857, 25.588774820881195
305.3424429329498, 26.161550086575247
306.84294168556033, 26.70607661655129
307.82152782856724, 27.13677243029809
308.99583120017553, 27.679322578349748
310.36585180038514, 28.247904341130187
311.7358724005948, 28.712726052880363
313.4175908093178, 29.164969611128615
314.6063917534151, 29.625089088356447
316.30260773462703, 30.070700293779794
317.62602899469346, 30.56102066333532
319.17312708744726, 31.025137317488877
320.60838676385737, 31.48836571010338
322.30460274506936, 31.94848518733121
323.87034057388036, 32.389951172238995
325.56655655509235, 32.818093234061024
327.2627725363043, 33.22935832664111
328.82851036511533, 33.680151057708926
330.78568265112915, 34.1226533477456
333.3952456991475, 34.583149663202114
336.00480874716595, 35.04289230220125
338.22293733798153, 35.39860403769327
340.702022233599, 35.8227590164707
343.5725415864193, 36.14495570199879
346.4430609392395, 36.468848159555975
349.3135802920598, 36.79782793320044
352.18409964488, 37.069151457855675
355.05461899770023, 37.34725807062729
357.92513835052046, 37.58297038267152
360.53470139853886, 37.84713398098168
363.14426444655726, 38.315543899240645
365.6233493421747, 38.74690590914173
367.84147793299036, 39.105208407455976
369.7986502190042, 39.49071391540362
371.36438804781517, 39.92285315415137
372.79964772422534, 40.3151982759497
374.53144865609204, 40.77373503261704
375.80064522944645, 41.272122431968114
377.2359049058566, 41.68063391377715
378.93212088706855, 42.14650488447033
380.4978587158796, 42.64082243095157
382.3245528494925, 43.13747166397283
384.15124698310535, 43.620130777754056
385.9779411167182, 44.091908687681915
387.6741570979302, 44.479190718707656
389.37037307914215, 44.95618716517743
391.32754536515597, 45.36863660647625
393.6761521083725, 45.71061729901045
396.024758851589, 46.14172023262932
398.63432189960747, 46.5196889760032
401.11340679522493, 46.945115783802464
403.07057908123875, 47.362487674463516
405.02775136725256, 47.78685462474459
406.9849236532663, 48.19923004424849
408.9420959392801, 48.61926671952669
411.4211808348976, 49.01586540283133
414.2917001877178, 49.29058047154476
416.50982877853346, 49.49520362972224
419.7891796755433, 49.86164112329828
422.90325824617855, 49.97397659927012
425.7737775989988, 49.97397659927012
428.644296951819, 49.97397659927012
431.75946284039094, 49.863471312177694
433.7210832452366, 49.74222108862711
436.2120297910724, 49.46015767445427
439.0825491438926, 49.215966502264564
441.95306849671283, 48.94973029369662
444.82358784953306, 48.61905474802305
447.6941072023533, 48.29007497437859
450.4341484027726, 47.97991827025707
453.0437114507911, 47.521042359183916
455.39231819400754, 47.124655647382916
457.7409249372241, 46.73573033250993
460.3504879852426, 46.26566232604474
462.56861657605816, 45.902185704265534
464.91722331927474, 45.50561730260428
467.3963082148922, 45.11474184989783
469.6144368057079, 44.721982206047954
471.7020872441226, 44.31397407244438
473.6592595301364, 43.885943043314725
475.6164318161502, 43.48256127189371
477.44312594976304, 43.08017879470412
479.40029823577686, 42.65947592327163
481.3574705217907, 42.243436424919146
483.1841646554035, 41.85171308619815
485.0108587890164, 41.45998974747717
486.96803107503024, 41.04128546450753
489.05568151344494, 40.5912699622864
490.88237564705776, 40.19332879279206
492.7090697806707, 39.756526180964286
494.5357639142835, 39.35703055377661
496.36245804789644, 38.921782399642176
498.18915218150926, 38.536276891694534
500.0158463151222, 38.08237524524005
501.973018601136, 37.62269989878175
503.7997127347488, 37.17235129848346
505.4959287159609, 36.81082885209017
507.1921446971728, 36.40222854412723
508.88836067838474, 36.01805542848817
510.71505481199756, 35.575812214733716
512.8027052504124, 35.135123458672595
514.7598775364261, 34.71541988147154
516.7170498224399, 34.291052931190464
518.6742221084537, 33.87334794245227
520.5009162420666, 33.48162460373128
522.4580885280805, 33.101892795787464
524.676217118896, 32.67597138781305
526.8943457097117, 32.260153954845336
529.1124743005273, 31.840709453926493
531.330602891343, 31.37411306964309
533.2877751773567, 30.958073571290612
535.1144693109696, 30.526378463312373
536.9411634445825, 30.12399598612279
538.7678575781954, 29.740267001253244
540.7250298642092, 29.343214093297956
543.2041147598267, 28.89383450558773
545.6831996554441, 28.473495013875755
547.9013282462598, 28.114156210432625
550.5108912942782, 27.645746292173666
552.9899761898956, 27.21671596881258
555.4690610855131, 26.831775718207968
557.8176678287297, 26.4385988606049
560.1662745719462, 26.050024812795083
562.7758376199646, 25.631169121608572
565.2549225155822, 25.226388338263547
567.6035292587986, 24.854717503786606
569.9521360020152, 24.452268406981588
572.6921772024346, 24.055796906579133
575.3017402504529, 23.61866456130126
577.9113032984714, 23.20621512000244
580.7818226512916, 22.795838288961402
583.6523420041118, 22.453292339084175
586.522861356932, 22.081918264712325
589.3933807097523, 21.76311312324243
592.2639000625726, 21.376477100608724
595.1344194153928, 21.047497326964255
598.004938768213, 20.677819024621503
600.8754581210333, 20.33357730271517
603.7459774738535, 19.93167933181961
606.6164968266737, 19.599308014116957
609.4870161794939, 19.210976219454153
612.3575355323142, 18.878604901751494
615.2280548851344, 18.54114626796155
618.0985742379547, 18.207079178229797
620.969093590775, 17.89844866893447
623.8396129435952, 17.620342056162855
626.7101322964154, 17.311711546867535
629.5806516492356, 17.03021339003773
632.4511710020558, 16.721582880742403
635.3216903548761, 16.389211563039744
638.1922097076963, 16.080581053744417
641.0627290605165, 15.802474440972809
643.9332484133369, 15.534542460375768
646.8037677661571, 15.258131619633254
649.6742871189773, 14.998678499181686
652.5448064717975, 14.751095782933788
655.4153258246178, 14.471293398133078
658.285845177438, 14.196578329419658
661.1563645302582, 13.954082929259044
664.0268838830784, 13.70310866895295
666.8974032358987, 13.475875217054202
669.767922588719, 13.23677136095177
672.6384419415391, 13.006146364994827
675.5089612943593, 12.74330170048507
678.3794806471797, 12.495718984237179
681.2499999999999, 12.25491935610566
684.1205193528201, 12.00903241188685
686.9910387056403, 11.776711643900818
689.8615580584606, 11.540999331856575
692.7320774112808, 11.303591247783253
695.602596764101, 11.025484635011637
698.4731161169212, 10.749073794269115
701.3436354697415, 10.513361482224887
704.2141548225618, 10.303085750617086
707.084674175382, 10.045328402194613
709.9551935282022, 9.853706162906853
712.8257128810225, 9.592557270426191
715.6962322338427, 9.377194222731106
718.5667515866629, 9.12791573445412
721.4372709394831, 8.9193357748754
724.3077902923034, 8.768412064285933
727.1783096451236, 8.576789824998173
730.0488289979439, 8.40721262208865
732.9193483507642, 8.229156559033655
735.7898677035844, 8.054492040036848
738.6603870564046, 7.881523293069144
741.5309064092248, 7.696684141897769
744.401425762045, 7.484712638260866
747.2719451148653, 7.327005839555014
750.1424644676855, 7.121817424034489
753.0129838205057, 6.952240221124974
755.8835031733261, 6.765705297924505
758.7540225261463, 6.601215411102274
761.6245418789665, 6.436725524280035
764.4950612317867, 6.299367989923326
767.365580584607, 6.131486559042898
770.2360999374272, 5.994129024686195
773.1066192902474, 5.8499884022131
775.9771386430676, 5.6804111993035775
778.8476579958879, 5.510833996394062
781.7181773487082, 5.371780690008251
784.5886967015284, 5.273425912320732
787.4592160543486, 5.136068377964023
790.3297354071689, 5.030930512160118
793.2002547599891, 4.915618014181646
796.0707741128093, 4.807088604319553
798.9412934656295, 4.6832972461956
801.8118128184498, 4.578159380391703
804.68233217127, 4.493370778936942
807.5528515240903, 4.388232913133038
810.4233708769106, 4.3204020319692304
813.2938902297308, 4.193219129787089
816.164409582551, 4.066036227604954
819.0349289353712, 3.938853325422812
821.9054482881915, 3.8455858638225777
824.7759676410117, 3.7455353141059575
827.6464869938319, 3.6556593965639124
830.5170063466521, 3.575958111196435
833.3875256994725, 3.4996483698871543
836.2580450522927, 3.396206276112352
839.1285644051129, 3.3165049907448676
841.9990837579331, 3.2181502130573563
844.8696031107534, 3.113012347253452
847.7401224635736, 3.043485694060543
850.6106418163938, 2.9349562841984564
853.481161169214, 2.8603423149182703
856.3516805220343, 2.751812905056177
859.2221998748546, 2.675503163746889
862.0927192276748, 2.6076722825830814
864.963238580495, 2.560190665768417
867.8337579333153, 2.5008386447500826
870.7042772861355, 2.4296162195280857
873.5747966389557, 2.3499149341606156
876.4453159917759, 2.246472840385806
879.3158353445962, 2.165075782989234
882.1863546974164, 2.054850601098046
885.0568740502367, 2.015847844428862
887.927393403057, 1.9785408597887653
890.7979127558772, 1.8903607142758148
893.6684321086974, 1.8632283618102932
896.5389514615176, 1.763177812093673
898.4961237475314, 1.7640256981082203
