Generated by GetData 2.18 on April 24 2024, 20:34
from file '\\Mac\Home\Downloads\R2083.jpg'


Line #1
 2.60416666666667e+002    2.01103117656494e+000
 2.63333333333333e+002    2.47264855499934e+000
 2.67222222222222e+002    3.16227766016838e+000
 2.70138888888889e+002    4.04424639311617e+000
 2.74027777777778e+002    5.17219885345624e+000
 2.76944444444444e+002    6.61474064123015e+000
 2.81805555555556e+002    8.45961166429312e+000
 2.87638888888889e+002    1.09260086111738e+001
 2.94444444444444e+002    1.38364806803246e+001
 3.03194444444444e+002    1.75222448041278e+001
 3.17777777777778e+002    2.13333878485777e+001
 3.39166666666667e+002    2.37721452989767e+001
 3.65416666666667e+002    2.52179280741964e+001
 3.91666666666667e+002    2.52179280741964e+001
 4.15972222222222e+002    2.52179280741964e+001
 4.39305555555556e+002    2.33088779339070e+001
 4.60694444444444e+002    2.07128240627012e+001
 4.80138888888889e+002    1.76955166807980e+001
 5.00555555555556e+002    1.52672453094548e+001
 5.20000000000000e+002    1.31721940389569e+001
 5.31666666666667e+002    1.05043097903075e+001
 5.40416666666667e+002    8.37677640068292e+000
 5.50138888888889e+002    6.68015169657177e+000
 5.62777777777778e+002    5.32715982314779e+000
 5.75416666666667e+002    4.33263532952714e+000
 5.87083333333333e+002    3.48927374596434e+000
 5.97777777777778e+002    2.75531299294631e+000
 6.06527777777778e+002    2.19725439524875e+000
 6.15277777777778e+002    1.73506695799933e+000
 6.22083333333333e+002    1.37009959122199e+000
 6.29861111111111e+002    1.07130844868944e+000
 6.36666666666667e+002    8.37677640068292e-001
 6.42500000000000e+002    6.61474064123015e-001
 6.48333333333333e+002    5.17219885345623e-001
 6.53194444444444e+002    4.08423865267452e-001
 6.58055555555556e+002    3.19354841290894e-001
 6.62916666666667e+002    2.47264855499934e-001
 6.66805555555556e+002    1.95253258603151e-001
 6.70694444444444e+002    1.51177507061566e-001
 6.74583333333333e+002    1.18208735776946e-001
 6.79444444444444e+002    9.24297898912528e-002
 6.83333333333333e+002    7.22727132067618e-002
 6.87222222222222e+002    5.65114892115660e-002
 6.91111111111111e+002    4.41874709168958e-002
 6.95000000000000e+002    3.45510729459222e-002
 6.97916666666667e+002    2.70161794043292e-002
 7.01805555555556e+002    2.09176465575700e-002
